(3,4) splits per 7-value multiset of distinct digits (segment sum = half the total)
1234567 sum 14 : 3,5,6 | 1,2,4,7   3,4,7 | 1,2,5,6   2,5,7 | 1,3,4,6   1,6,7 | 2,3,4,5
1234569 sum 15 : 4,5,6 | 1,2,3,9   2,4,9 | 1,3,5,6   1,5,9 | 2,3,4,6
1234578 sum 15 : 3,5,7 | 1,2,4,8   3,4,8 | 1,2,5,7   2,5,8 | 1,3,4,7
1234589 sum 16 : 3,5,8 | 1,2,4,9   3,4,9 | 1,2,5,8   2,5,9 | 1,3,4,8
1234679 sum 16 : 3,6,7 | 1,2,4,9   3,4,9 | 1,2,6,7   1,6,9 | 2,3,4,7
1234789 sum 17 : 2,7,8 | 1,3,4,9   1,7,9 | 2,3,4,8
1235678 sum 16 : 3,6,7 | 1,2,5,8   3,5,8 | 1,2,6,7   2,6,8 | 1,3,5,7   1,7,8 | 2,3,5,6
1235689 sum 17 : 3,6,8 | 1,2,5,9   3,5,9 | 1,2,6,8   2,6,9 | 1,3,5,8
1236789 sum 18 : 3,7,8 | 1,2,6,9   3,6,9 | 1,2,7,8   2,7,9 | 1,3,6,8   1,8,9 | 2,3,6,7
1245679 sum 17 : 4,6,7 | 1,2,5,9   2,6,9 | 1,4,5,7   1,7,9 | 2,4,5,6
1245789 sum 18 : 4,5,9 | 1,2,7,8   2,7,9 | 1,4,5,8   1,8,9 | 2,4,5,7
1256789 sum 19 : 5,6,8 | 1,2,7,9   2,8,9 | 1,5,6,7
1345678 sum 17 : 4,6,7 | 1,3,5,8   4,5,8 | 1,3,6,7   3,6,8 | 1,4,5,7
1345689 sum 18 : 4,6,8 | 1,3,5,9   4,5,9 | 1,3,6,8   3,6,9 | 1,4,5,8   1,8,9 | 3,4,5,6
1346789 sum 19 : 4,7,8 | 1,3,6,9   4,6,9 | 1,3,7,8   3,7,9 | 1,4,6,8
1456789 sum 20 : 5,7,8 | 1,4,6,9   5,6,9 | 1,4,7,8   4,7,9 | 1,5,6,8
2345679 sum 18 : 5,6,7 | 2,3,4,9   4,5,9 | 2,3,6,7   3,6,9 | 2,4,5,7   2,7,9 | 3,4,5,6
2345789 sum 19 : 4,7,8 | 2,3,5,9   3,7,9 | 2,4,5,8   2,8,9 | 3,4,5,7
2356789 sum 20 : 5,7,8 | 2,3,6,9   5,6,9 | 2,3,7,8   3,8,9 | 2,5,6,7
3456789 sum 21 : 6,7,8 | 3,4,5,9   5,7,9 | 3,4,6,8   4,8,9 | 3,5,6,7
