471398526928561437635742918846127395319456782257983641793215864164879253582634179
216359487873412965594867132762541398489673251351298674145986723638724519927135846
978456123251839674634127895849762351517983462362514789795641238126398547483275916
762594831384126795915378642896235174251749386473681259138452967527963418649817523
512738496478659132396421758834196275159247683627385941241573869785962314963814527
837129465496578321512643789253784916671295834984361257768952143349816572125437698
612387495784569132935421786496173258351298674278645913523714869847956321169832547
975382164613479825428516739591734286237658491864291357342165978786943512159827643
783692145915347862624581973351478629296153784478269351532716498847935216169824537
738692514562741983914385762381479625276153849495268137623517498847936251159824376
671398245524176398938452617847631952316529874259847163795213486463985721182764539
563782914724691583918345762391478625276153849485269137632517498847936251159824376
471638295926514378538927416649782531817365924352149867794256183165893742283471659
385692714962741583714385962531478629296153847478269135623517498847936251159824376
871534296429618375536927418948762531617385924352149867794256183165893742283471659
784392165613578942925641873351487629296153784478269351532716498847935216169824537
983642175615378942724591863351487629296153784478269351532716498847935216169824537
568372914792641583314598762931487625276153849485269137623715498847936251159824376
973628415286514379415793268158372946397465821624981753569847132842136597731259684
861359247527864391934271658648137925319625874275498163792513486453986712186742539
583712964972564318416398752291483576637251849854976231745129683128635497369847125
476312859892576314513984762281493576637251948954768231745129683128635497369847125
687352419413796852952814763521948637376521948894673125749135286138267594265489371
734592816915368247682174395358741962291653478476289153523417689847936521169825734
871439652425716839693582174217348596936257481548691327362175948784963215159824763
678594132934621578215738496753249681492186357186375924821453769547962813369817245
974618235213795684658432179182374596736159842495286713821543967547961328369827451
621357894759468132348912567495836271132749685867521943913284756586173429274695318
397524861486791235512386794951238476274619583863475129628153947745962318139847652
684732195972518634531469827896254371215397486347681259423175968768943512159826743
172953486956487231834621975648792153523148697719365824397216548281534769465879312
493621578271538496658749231187265943329417685546983127965872314832154769714396852
213794865794568231568123479385247196476319582921685347632471958847952613159836724
